1044285651812839424
26217297
1238370241169616897
1266038659
1108565574
18831926
1462548977367359490
1298372735383605249
1243560408025198593
1201670995435646976
2615581908
1268223690480615424
27493883
1349149096909668363
242827267
95091601
2809959174
16635277
3453306553
2783787047
21525682
309570860
262219168
18166778
1640929196
1047390492541874176
254515782
1120633726478823425
278145569
198296897
1344356576786866176
878284831
60779696
32871086
3131144855
2353605901
20052899
19084896
14247236
76842602
255369151
939679358536507392
807095
342863309
34116377
298673723
11134252
1028833460
7587032
48624704
454099919
29447428
19604599
1539378523
879147821915615233
86626845
711750460932141056
65357102
63942152
605153786
59740725
58974496
489377813
42769304
3288075858
255812611
19739126
160856325
159021888
1208160128060379136
1113341312
1096205507348623360
1011581275851943938
928755000007897093
833988769
819994707061248001
767788995962998784
66917778
351784239
233343317
2189523500
1652541
15801906
1364639441604800513
1249982359
1238949674989416449
1080844782
926164634570067968
870629200348274688
79402753
588732151
51241574
44196397
3140730672
288277167
270132611
20995648
20742888
1917731
167281867
15480566
14260960
1280478731874848769
1238583088998830081
920943710254313472
713752653289955329
67805368
593289567
548384458
48325671
412548718
368240745
2885493519
2768501
23022687
163018653
14707794
1421835080813666306
1237314642583658496
1054893957652434944
39155029
3246790436
296553576
2876041031
25575859
224668336
20973388
1891490382
171429034
15745368
14157134
1309417499398746112
1226088089489199106
1205226529455632385
90651198
8197942
55113432
52497540
352754946
2608740770
236487888
225779417
1957610664
18178850
14298769
139328853
132731802
1159682513947652096
1132832803
1079009826833862656
977204844
942156122
92932981
846454000585244672
819185162479144960
799911790398373888
53963427
49698134
467726691
454067089
4216062853
38531995
3832
372536101
3383159573
3303457302
3103505578
2962813893
29420301
2467791
242555999
23937894
2336701370
225921757
2227646515
18753424
18004222
17477864
1344256277518692354
1342989756611907584
1299769218
121127090
1207874097251639296
1204080117217202183
1163992520252153857
1108450312870875137
1058807868
1003107003693137921
868673067223887872
80802900
760219193195302912
759251
551483643
4725383142
465936656
455684839
4541535439
44835347
432895323
4091551984
406842374
349816997
3424070074
3107322079
2985479932
2836421
2698422738
26637348
25887412
2490890594
246939630
2461810448
2425571623
2421067430
239971233
239210681
225338707
212445456
210149871
180887271
16832632
165660881
15976705
15115280
1382912376597479427
1367531
1344007696555663360
1341233976434782210
1321935792416149505
13218102
130557513
1212560564225900544
1172535926209298432
1094713876132872192
1087380412089987077
1074480192
105327432
1038970825699774465
1005846500583321601
914588454
874916178
848148994102611969
834825983010107392
812361923304034304
722528529716383744
462021312
40353407
390022404
34247411
29501253
2932460195
291626846
2899264434
2768271223
26361656
258124400
255887362
255471924
234694571
23197565
2289770467
22799257
22187085
218975278
21619519
20280088
18703437
1866938882
174151902
17138582
17027632
1634512056
16012783
1573800344
1541780334
15392486
15250661
149522272
1481651363335471129
14362766
138168339
1367057849738661888
1340783304304410625
1315053256343719936
1296279134079823872
1277653859301801984
12321952
1222773302441148416
1221462414744596483
1189799454506799104
1168968080690749441
1116612139
109579534
1080154047519150080
1073606435580325889
975200486
955157661212987392
93880122
93419198
865210877678686208
860654500431880192
834081571493785600
820452522494226433
798953701972938752
786309892990574592
751283435382067202
739844197935644672
738779772
73206956
722242009
71048726
68128023
60597469
592730371
524524991
50560529
50055701
490002009
447851721
43601834
39344374
384233102
36711022
34713362
345275528
33727663
3152110454
307755781
2916395070
288363743
28785486
2573480784
2569219368
2561429863
2475407894
235717819
23554832
232427887
22997830
2296145948
2277445532
21059255
21055261
19902709
19644592
19386778
1926075181
190817371
19058678
189868631
18965916
18595994
18559001
18440301
175989309
16675569
16606569
16313405
159955958
15764644
15414356
152656121
14892665
14281853
1383272101
1340093943879512065
1323090408730062849
1316957121066409985
12848262
1245843601390817281
1241591213578317825
1240407498
1173882011007643648
1149445446433218563
1146329871418843136
1131917492
1079776144524754944
1016532597432725506
1009577803304656896
985523859179925504
968008274003005440
967900364
95463107
949892499878719488
942202693015220224
917067807115874311
91478624
90732175
886398296146706432
885891622919184384
873135988440223745
832616065259614209
826631824700997633
825922405453402115
818893114979061761
816131319033950208
807160
793331593
7768402
766136186268160000
764187379
729277017028337664
7270292
711608180535640064
707967655031005186
702577251020382209
701725963
700637412
67934675
65566588
64643056
62603750
612473
612441328
58436094
571141141
56768709
560165933
552511754
55060090
539833719
536646582
528674835
52770751
52211840
508591081
506071299
493714995
47475039
467823431
463214687
459872442
446764989
430452224
426909329
41218263
40778270
40316065
38751107
380648579
37190669
34180269
3393609490
33608041
33537967
335195929
33216799
328756439
3276863125
31667539
30844417
304679484
299273962
297100174
29442313
281376874
2595088842
25868334
2400284491
237845487
2352629311
2235731509
216881337
2161389312
212621119
20764031
20559705
20405787
198584761
19825835
19568591
19089339
1906282568
19038934
189631331
18501381
183770461
18320938
17829133
17494010
17250722
171699484
170280910
16973333
16827148
16352975
16134235
16041234
15740776
15675138
15580900
153517357
151257881
15012486
1478462760572780547
1456025947719622661
14499829
14461561
14344823
1424033022
14173315
139109800
137198586
1359532099
1354525155238801413
1349170292564905988
1339835893
1326139149426941952
1324889974349697024
1323730225067339784
131546062
130120037
1278401163373707267
1266006636000358402
1248731077075664898
1247188089618874370
1244795359097958401
1230463969
1220843046125940736
1213446779535937542
1201953403099893760
1199103810540470272
1197209917972762625
1196590977932091392
118166719
117856715
1177447852915609600
117122035
1168793622248067072
1155845777039810560
1150553499500814339
1147865396709593088
1117704370630455296
110194870
1098819491780153345
1092579601962975232
107918290
1060338999611420672
102707504
1011418918567792641
996359407939174401
996094929733652481
994594957
993137216309383169
99188075
982511286
980197980346175488
978265628426432512
970109612597895168
968831639857061888
967027984426242053
96502351
9609622
957306920
95399839
945445862062387200
941055265054408704
94079202
939091
938494109844729856
935116421977186304
930552552302792705
92759522
926019424154349568
917442644
91583544
91180720
906082234490290176
888183349864476672
88589013
881615056437297152
880018682
878247600096509952
864030687120281602
85795383
850507814023942144
849376476877266944
84174241
840502412842541056
84035041
839854176762904577
836269814150746116
835309132509024260
818948638890217473
81741855
816260792098000896
811229675758505984
800463336630403072
799717156589965312
799617770
795857631571156992
777070140
773368033
770781940341288960
761068933
75939860
757832485
754108043974107137
750658704949678081
75050644
747885404
745361615667638273
742143
73981267
701844034755633157
69181624
67953340
631540093
630995607
621533
61660254
611278121
60606206
60496760
60483082
586291040
58191687
579747564
56503668
559681926
556519575
55376380
55329156
5392522
535918478
529147678
528016807
526197521
525812268
525783599
51378153
51241418
510464011
50769180
506216849
492034179
4878610324
47747074
45840174
45618045
45379403
453473029
4453812625
43633246
4315639054
42518865
419951447
419757788
41822696
416950760
41438148
4118285112
4107939250
409687240
409657315
4043106914
402888514
40068395
399265360
39416218
3930472251
38576013
3711001
364696531
36372343
3602064317
35787166
35436391
35157660
3407247983
3380282686
335455570
3282955777
3277827936
3226113792
3192855216
31669146
3148736402
310746442
3079986094
3014537423
2987599687
29769998
29695330
2937740737
2926204339
2920030904
289498966
288755234
284590933
28370738
280980769
279390084
276688330
27382158
271075882
2680280115
2672715140
26417909
264124770
260211154
260059352
2598999181
25960714
259509302
259395895
257339683
25723601
2553418813
2522775577
2479226604
246178914
2452853334
24215395
2420336131
237612784
2369799780
2332818674
23281108
2324991210
2323448533
2316383071
2288308578
22803269
22703645
2266925107
2260944469
22573600
22537043
2234760798
2223157392
22196776
22129280
21952044
2186207924
21855179
218154836
217543151
2172596028
21575717
21269970
209415989
20675681
205242337
20217019
20172153
19913106
19899980
19605053
19429280
19424427
191807697
1915033663
189570603
189305014
18925120
18915145
18741571
1857948524
183036128
18213483
180797277
1796057425
17895820
178580925
17774061
177437962
17659982
175248804
17503820
173672963
173629507
171989865
1719253842
17143007
16961918
16834659
16753407
166985027
1667415740
166426325
16582131
1652177576
164679813
16331010
16213404
16212771
16094885
1585
158414847
155930120
1558406653
15464697
15446551
15423737
1540529606
15220768
15207668
148529707
1471037967926018051
1460176204363972613
145499533
1449302062081138692
14437914
14361155
143500773
14335586
143127083
142332083
1422044577079377924
14191961
14159148
14106476
14104027
1397724205106405380
1376373064875659270
1363365594272133120
1361083361675137024
136004952
135890983
1357131432804700160
1350150750966603777
1336983802590101504
1335983975613939712
133584406
1330859882040463362
1327442450957303809
1325563478
1322155395146797056
1277802780233658368
1276123381
1275462892591202304
1271162030393896968
1271084812296761344
1265187595161464833
1262456293157003272
1257381543137460225
1247612029
123327472
1231538146006798336
1230746879698165762
122453931
118459189
1182090678999736321
1173978070535024642
116889724
1167843938599952384
116228328
1158193640
1157395568135557120
1138886434478182401
1137992526646956033
112398730
1123536127908966400
1113747629282930688
1109357946671153152
1109045045649424386
1108477440517656576
1105659718528262144
110448981
1097990106860797952
1095523459877068800
1094971056358637568
1089151295397621760
1088371662108676096
1087209480184463362
1082258629116465152
1073047860260814848
1067968702400876544
10615232
1045110787
1016943828052336640
1011970623470489601
1010384732759252997
1001160971262550017
